1
1
36
0.828708 0.065883 -0.021925 -0.039795 0.019604 0.046255 -0.067341 0.010195 -0.012868 -0.005651 0.000746 -0.021366 -0.019575 0.057247 0.003800 -0.081969 0.072153 -0.024776 -0.043870 -0.027612 -0.014382 0.028284 0.015043 -0.045860 0.041337 -0.023113 0.059210 0.044708 -0.138418 -0.012075 0.027838 0.048500 0.072604 -0.046797 -0.017721 0.071528 
0.056230 1.042475 -0.076872 0.024171 0.048672 -0.046245 0.128529 0.010972 0.038748 0.025460 0.006813 0.022423 -0.044563 -0.064634 -0.013056 -0.168908 -0.085835 -0.007320 -0.045930 0.002666 -0.009419 0.016562 -0.041016 -0.086056 0.056813 -0.037690 -0.014199 0.071852 0.033675 0.009484 0.022079 0.039668 0.042017 -0.011580 -0.002745 0.025922 
-0.081823 0.230598 1.021175 0.082441 0.020507 0.010582 -0.007523 0.023126 0.067496 -0.035204 0.019888 -0.265663 0.059737 -0.112731 0.101316 -0.186291 -0.039756 -0.032356 -0.045881 0.107770 -0.119583 -0.063277 0.156202 -0.022413 0.005368 0.080392 -0.019371 0.044172 -0.396650 -0.148974 -0.007478 0.014509 -0.007572 -0.132006 -0.134555 0.256472 
0.010115 0.016550 -0.024739 0.872786 0.002130 0.053512 -0.019881 -0.020940 0.013822 -0.018245 0.192993 -0.039904 0.003610 -0.113956 -0.032609 -0.027582 -0.032623 -0.008463 -0.021672 -0.005917 -0.014935 -0.014922 0.018885 0.024002 -0.007412 -0.003423 0.019970 -0.011751 0.017178 -0.001307 -0.011462 -0.014912 -0.015357 0.040158 -0.054193 0.058666 
0.173572 0.142073 -0.113995 0.035843 0.838304 -0.162011 0.074172 -0.027669 0.068365 0.163940 0.112722 0.097213 -0.096348 0.087986 0.146745 0.101876 0.183413 0.026929 -0.065293 -0.235332 -0.007868 0.072882 -0.061480 0.232825 0.067835 0.008441 0.006904 0.066935 -0.052348 0.050481 -0.109720 0.093989 -0.332563 -0.016508 0.013782 0.108486 
-0.008169 0.027052 0.001610 0.051207 0.026324 0.683715 -0.005087 0.002970 0.016700 -0.027883 -0.052997 -0.046733 -0.029256 -0.035449 -0.009230 -0.033483 -0.090025 -0.028455 -0.029322 -0.010071 -0.021115 0.014723 0.122639 -0.067870 0.010273 0.051302 0.041443 -0.023384 -0.009349 -0.047812 -0.014485 -0.102013 0.040026 -0.054049 0.008713 0.092034 
-0.634300 0.198686 0.181782 0.055012 -0.121435 0.140620 1.250205 0.117634 -0.160234 -0.000310 -0.048306 0.242196 -0.110242 -0.054937 -0.042771 -0.012334 -0.078200 -0.471204 -0.049359 0.062965 -0.008521 -0.198631 -0.161789 0.088378 -0.045638 -0.066844 -0.089032 -0.326755 0.086544 0.021295 0.190347 0.200401 -0.116983 -0.188668 0.342260 -0.136352 
0.019985 -0.010032 -0.019519 0.197629 0.003900 -0.063671 -0.023759 0.952955 -0.028932 -0.056470 0.099032 -0.017256 0.035793 -0.133464 -0.000123 0.048519 -0.010525 -0.050028 -0.022530 -0.118653 0.078290 -0.103907 0.107640 -0.047556 -0.006877 -0.011030 0.011358 0.028037 -0.027085 0.103748 -0.023839 -0.026783 -0.128596 -0.103374 0.221209 -0.155594 
0.011030 -0.032828 0.043107 -0.028005 0.008219 -0.027490 -0.032690 -0.084533 1.117561 0.000021 -0.063352 -0.045198 -0.043943 0.065583 0.089920 -0.043320 -0.060328 -0.027201 -0.032940 0.042017 -0.031412 -0.097659 0.077475 -0.024104 0.013278 0.152608 0.006314 0.032470 0.056506 0.021082 0.029023 -0.065141 -0.205913 0.018229 -0.038664 0.102858 
-0.031692 0.009435 -0.075459 0.038042 -0.038659 -0.050250 -0.121195 -0.040848 0.017478 0.919176 -0.138143 0.112618 0.016396 0.074520 0.093960 0.075236 0.056195 -0.080362 0.127590 -0.037402 0.032571 -0.044663 -0.072700 -0.002990 -0.004105 0.034171 0.026693 -0.042156 -0.069056 0.049110 -0.189955 0.154637 0.114428 0.104517 0.140715 0.225637 
-0.018661 -0.007751 -0.022924 0.029034 0.022029 -0.056485 -0.006283 0.033673 -0.032458 -0.022582 0.625878 0.040837 -0.014435 -0.070270 -0.014397 -0.002544 0.026316 0.018147 0.032835 0.018825 -0.013917 -0.025301 -0.051352 0.045016 -0.020124 -0.041841 0.015483 0.005701 -0.004806 0.066394 0.050809 -0.073348 -0.013420 0.100287 0.106232 -0.155052 
-0.135757 0.210735 -0.044180 0.009383 0.028090 0.016910 0.113420 0.001585 0.018436 0.013864 -0.013514 0.958082 -0.036735 0.006481 0.038412 -0.068643 0.185952 -0.035624 0.033436 0.016837 -0.088160 0.186880 -0.003885 0.018412 0.025548 0.023493 0.058187 0.117213 -0.037055 0.030171 -0.040974 0.037474 -0.026251 0.083611 0.146890 -0.033833 
0.002465 0.156554 -0.090318 0.043986 -0.051446 0.125632 -0.119124 -0.031423 0.146093 -0.069192 -0.077052 -0.078732 1.206005 -0.041570 -0.024883 -0.033699 0.075839 0.078750 -0.016412 -0.000538 0.130187 -0.126669 -0.039367 0.021551 0.033616 -0.117080 0.148190 0.043548 0.273975 -0.124714 0.041567 0.037627 0.117599 0.069094 -0.012300 -0.046900 
-0.006195 -0.036113 -0.013711 -0.095355 0.015359 -0.004369 0.013822 -0.003195 -0.008011 0.045179 -0.103221 0.010856 -0.027537 0.902044 0.021413 0.000227 -0.013076 -0.009882 0.028114 -0.000602 -0.017718 0.009356 0.055950 -0.012099 0.009098 -0.048696 -0.036821 -0.024070 0.005209 -0.036977 -0.023492 -0.029154 0.006968 -0.017029 -0.095096 0.081023 
-0.072181 0.034005 0.032830 -0.033876 -0.036157 -0.114493 -0.091063 0.020619 -0.141692 0.028530 0.034206 -0.080548 0.049735 0.034370 0.989158 0.003540 -0.162483 0.024084 0.099265 0.005284 0.009961 -0.001084 -0.036909 0.091940 0.069864 0.029683 -0.075646 0.113223 0.046817 0.104025 -0.020337 0.032519 -0.060851 0.043679 0.111824 -0.186428 
-0.072279 -0.284484 -0.275943 -0.050906 0.017600 -0.128696 -0.051202 -0.048715 -0.070146 -0.030900 0.002154 0.152771 -0.146257 0.075556 -0.083513 0.869741 -0.011930 -0.032244 -0.035446 -0.035933 0.049848 0.138468 0.004792 -0.091538 0.039710 -0.075766 -0.033382 -0.080924 0.059104 0.046783 -0.026434 -0.054730 0.105692 -0.083023 0.144857 0.074888 
-0.040020 0.017258 -0.004349 0.072079 0.007312 0.001385 0.011199 -0.102583 0.026492 0.037543 -0.008657 0.027338 -0.022445 -0.006742 0.000986 0.067196 0.735141 0.013119 -0.074386 0.010367 0.037239 0.013344 0.102230 0.051251 0.008020 0.011066 -0.004300 -0.032393 0.009115 0.084085 0.013830 -0.040004 0.011290 -0.028253 0.067788 -0.030212 
-0.201316 -0.167327 0.024541 -0.021639 -0.044401 0.017039 0.163732 -0.080359 0.006367 0.005173 0.066738 -0.004540 0.109584 -0.069203 0.031280 0.218716 0.014631 1.204668 -0.072378 0.057709 -0.061417 -0.235496 0.000852 0.120971 -0.093539 0.151872 -0.149158 -0.060101 -0.293247 0.020223 0.046778 -0.143810 -0.101291 0.233560 0.141390 -0.113915 
-0.026812 0.000820 0.018437 -0.034672 -0.019546 0.010436 0.007445 0.039821 -0.021222 0.025322 0.165957 -0.003771 0.005212 0.057125 -0.064810 -0.097438 -0.272010 0.051580 0.753517 0.031992 -0.014267 0.017913 0.105541 0.010607 -0.091572 -0.040415 -0.011810 0.043099 -0.089323 -0.102977 0.068893 0.012906 -0.073936 -0.062828 0.020859 0.031203 
-0.061882 -0.032109 -0.004545 -0.021694 0.063171 0.172377 -0.158033 -0.033829 -0.027679 0.054238 0.175151 0.018721 0.182539 0.091236 -0.022578 -0.136817 0.048251 -0.036445 0.085872 1.040523 -0.048765 -0.124337 0.254396 0.027224 0.163765 -0.083522 0.032150 0.104056 0.082672 -0.188027 -0.088555 0.006564 -0.013104 0.188545 -0.198013 0.139236 
-0.064878 0.001001 0.054971 -0.026309 -0.025975 -0.005158 -0.004338 0.039099 0.011779 0.057797 -0.135476 -0.061032 -0.016386 -0.174608 -0.026692 0.121613 0.031242 0.056325 -0.164569 0.035324 1.023801 -0.024166 -0.045518 -0.179739 -0.017226 -0.013299 -0.002712 -0.040085 0.102543 -0.001659 -0.078155 0.072461 0.122904 -0.054585 0.105517 0.067907 
0.135383 -0.023633 -0.011554 0.053269 -0.170059 0.002288 -0.052317 -0.084602 0.040504 0.005252 -0.145514 0.287282 0.128318 0.067934 -0.034254 -0.079513 -0.066741 0.018744 -0.065044 0.178476 -0.127336 1.081412 -0.048837 -0.081753 -0.065500 0.180621 -0.175340 0.112644 -0.113244 0.242200 0.046464 0.127234 -0.111707 0.036402 0.284049 -0.008872 
-0.062804 0.004579 -0.000166 -0.145041 -0.041761 -0.167804 0.065971 -0.181530 0.159473 -0.035268 0.213084 -0.005290 0.082258 0.088946 -0.173585 -0.005636 0.171920 0.025252 0.045387 0.004440 0.018424 0.038265 0.860478 0.201202 -0.022816 -0.059021 -0.085726 0.030122 -0.077432 -0.036974 0.084710 -0.065727 -0.003848 -0.211468 -0.101807 0.238000 
0.039068 -0.003893 0.014852 0.058550 -0.055507 -0.142847 0.088383 0.168937 0.130074 -0.039057 0.046670 0.112952 0.193314 0.067974 -0.195922 0.004104 -0.129766 0.033168 0.037091 0.012015 -0.108409 -0.013869 -0.076169 1.174703 -0.034843 0.054722 -0.031454 -0.129978 0.051509 -0.115304 0.001286 -0.003148 -0.053283 0.072803 -0.063871 0.015298 
0.053587 -0.024178 0.004157 -0.128741 0.114797 0.170182 0.056876 0.025910 0.030119 0.021657 0.001218 0.016375 -0.102751 -0.024023 0.061032 -0.028865 0.203651 0.046271 -0.026013 0.002402 -0.070897 0.064681 -0.078507 -0.104504 0.887746 -0.193045 0.078746 0.042265 0.000019 -0.040270 0.149820 -0.018181 -0.056901 -0.222343 -0.293383 0.153675 
0.031802 -0.020515 0.053822 0.030115 -0.018887 0.023157 0.003302 -0.023189 -0.027345 -0.052473 0.011058 -0.042126 -0.037750 -0.058756 -0.054634 0.003255 0.193897 0.020694 -0.066077 0.028641 -0.004491 0.046534 0.005998 -0.069440 0.007758 0.798563 -0.022639 0.033125 -0.001143 0.024416 0.075734 0.029869 0.179661 -0.077161 -0.112435 0.041053 
0.000538 -0.184246 -0.021028 -0.197778 -0.129388 0.144068 0.072306 -0.089750 0.058485 0.072529 0.055873 0.138245 -0.038213 -0.031204 0.004679 0.047677 -0.040789 -0.033366 0.077646 -0.002445 0.233896 -0.069471 0.124612 0.207626 -0.014574 0.106580 0.942275 -0.018502 0.089238 0.050340 -0.072996 -0.240886 -0.158833 -0.031155 0.344590 -0.049370 
-0.027893 -0.287578 -0.110970 -0.014372 -0.013277 -0.146318 0.074739 -0.047452 0.008621 -0.041687 0.065423 0.351023 -0.064523 0.003434 0.071841 0.123684 0.100664 0.097447 0.002735 -0.011613 -0.018917 -0.072496 0.047448 0.128276 0.013350 -0.042220 -0.135377 0.909169 0.195361 0.032959 -0.160461 -0.023047 -0.035580 0.179555 0.110316 -0.364511 
-0.035977 0.031963 -0.008982 0.008794 0.034196 -0.047564 -0.072382 -0.041726 0.057267 -0.010686 0.001749 -0.048625 0.202515 0.074370 0.106669 -0.051868 -0.054500 0.090903 0.098234 -0.039687 0.012666 0.069874 -0.048387 0.273880 -0.043234 0.060186 -0.036474 0.096619 0.664858 -0.076612 -0.107586 -0.115561 0.056500 -0.012031 -0.049309 0.194883 
0.062984 -0.059623 -0.029083 0.028422 0.022950 -0.035730 -0.012514 -0.017326 -0.083730 -0.029584 0.167714 0.047597 0.005970 0.036242 0.014849 0.000071 -0.099348 -0.003786 0.033807 0.033434 -0.080187 -0.015443 -0.051421 0.037050 0.018123 -0.023071 -0.020349 0.030148 0.051477 0.607640 0.028334 0.121489 -0.009020 0.071470 0.019156 0.060337 
-0.039629 0.005968 -0.011665 0.070466 -0.064606 -0.023187 0.049589 -0.116828 0.162831 -0.006881 -0.044015 -0.195135 -0.071634 -0.053874 -0.097463 -0.041846 0.225514 -0.069744 0.022774 0.082512 0.126516 -0.052182 -0.069706 -0.113698 0.015989 0.009662 0.040373 -0.049360 0.192194 -0.039127 0.954391 -0.174146 0.142175 0.136589 -0.067374 0.041549 
0.078543 -0.046591 0.057694 -0.050481 -0.032708 0.289290 0.054170 -0.016485 -0.158201 0.068208 -0.021883 -0.055796 -0.017050 -0.013079 0.053375 0.011353 0.077660 -0.048395 0.058379 -0.128234 0.009368 -0.057934 0.061807 0.097123 0.050816 -0.025644 0.190768 0.040625 0.112216 0.103661 -0.045156 0.982955 0.146419 -0.174384 -0.069301 -0.132616 
0.024636 0.047500 0.037334 0.055289 -0.027657 -0.082179 -0.020637 0.047284 0.044287 0.008860 -0.023260 0.001821 0.037990 -0.001077 0.010851 -0.021737 0.121963 -0.024703 -0.015149 -0.040122 -0.014557 -0.000714 -0.008246 -0.014219 0.054090 -0.032851 -0.055980 -0.001746 -0.028355 0.054663 -0.026879 0.050819 0.711178 0.028606 -0.068963 0.126116 
-0.022640 -0.039441 0.038865 0.065467 0.031381 -0.002557 -0.057483 0.095555 -0.059367 0.027268 -0.188226 0.012157 -0.083290 -0.000281 0.059257 0.109873 -0.032365 -0.004378 0.074950 -0.017838 0.032291 0.157912 -0.170635 -0.101203 0.018033 0.055125 -0.025336 -0.108362 0.010083 0.037607 -0.006396 -0.036629 -0.029583 0.994800 0.079875 -0.166606 
0.106021 0.045202 -0.114061 0.021537 0.053690 -0.088563 0.064354 0.007122 -0.026447 -0.017089 -0.077473 -0.033459 -0.022141 -0.040277 0.006382 -0.107879 0.062051 0.169720 0.148865 -0.044875 0.155027 0.127164 0.042244 -0.092701 0.029957 -0.054149 -0.086670 0.122818 0.125417 -0.049672 -0.017585 -0.086791 -0.102280 -0.025268 0.553479 0.006337 
-0.011462 0.031776 0.022726 0.044827 0.009260 0.012232 -0.012351 -0.004691 -0.106737 -0.042414 -0.005514 -0.001423 -0.010213 0.070447 0.055136 -0.003930 -0.003950 -0.021561 0.037822 -0.002033 -0.005267 -0.033528 0.064185 0.100568 -0.010880 0.072089 0.017770 0.069855 -0.051223 0.020710 -0.093727 -0.068806 0.019409 -0.041110 -0.054922 0.765085 
-3.695818 2.981617 4.918625 0.280454 2.037475 -0.300785 6.210656 -1.124102 -1.766133 0.589845 0.621699 1.818619 -4.902944 -0.405516 -3.174089 -2.197287 0.854417 1.462433 0.001931 -3.799263 0.779872 -3.621990 0.341165 -0.229987 -0.105672 -0.725862 -2.662778 -4.706833 -0.590373 -1.638885 0.655717 0.264131 0.094656 0.215549 -1.314260 0.078464 
1.0 1.0 1.0 1.0 1.0 1.0 1.0 1.0 1.0 1.0 1.0 1.0 1.0 1.0 1.0 1.0 1.0 1.0 1.0 1.0 1.0 1.0 1.0 1.0 1.0 1.0 1.0 1.0 1.0 1.0 1.0 1.0 1.0 1.0 1.0 1.0 
